Starting IMU Calibration
Finished Calibration
95.73,348
95.24,369
94.74,391
94.74,413
95.24,434
94.74,456
95.24,478
95.73,500
96.23,521
95.24,543
95.24,565
94.74,587
94.25,608
92.76,630
91.77,652
89.78,673
87.30,695
85.32,717
82.84,739
80.85,760
77.38,782
74.40,804
70.44,825
66.47,847
62.00,869
56.55,891
51.59,912
46.63,934
41.67,956
36.21,977
30.26,999
24.31,1021
18.85,1043
12.90,1064
6.94,1086
0.99,1108
-26.79,1130
-31.75,1151
-38.69,1173
-45.63,1195
-52.08,1216
-58.04,1238
-64.98,1260
-71.92,1282
-78.37,1303
-84.82,1325
-92.26,1347
-98.21,1368
-104.17,1390
-112.10,1412
-120.04,1434
-124.01,1455
-131.45,1477
-136.90,1499
-141.87,1520
-146.83,1542
-152.28,1564
-157.74,1586
-162.20,1607
-167.16,1629
-171.63,1651
-176.59,1673
-181.05,1694
-185.52,1716
-188.99,1738
-192.96,1759
-197.42,1781
-200.40,1803
-203.37,1825
-206.85,1846
-209.82,1868
-211.81,1890
-214.29,1911
-216.27,1933
-218.25,1955
-219.74,1977
-221.73,1998
-222.22,2020
-223.71,2042
-224.21,2063
-224.21,2085
-224.21,2107
-224.21,2129
-224.21,2150
-224.21,2172
-224.21,2194
-224.21,2215
-223.71,2237
-224.21,2259
-224.21,2281
-224.21,2302
-224.21,2324
-224.21,2346
-224.21,2368
-224.21,2389
-224.21,2411
-224.21,2433
-224.21,2454
-224.70,2476
-224.70,2498
-224.21,2520
-224.21,2541
-224.21,2563
-224.21,2585
-224.21,2606
-224.21,2628
-224.21,2650
-224.21,2672
-224.21,2693
-224.21,2715
-224.21,2737
-224.21,2758
-223.71,2780
-224.21,2802
-224.21,2824
-224.21,2845
-224.70,2867
-224.21,2889
-224.21,2911
-224.21,2932
-224.21,2954
-224.21,2976
-224.21,2997
-224.21,3019
-224.21,3041
-224.21,3063
-224.21,3084
-224.21,3106
-224.21,3128
-224.21,3149
-224.21,3171
-224.21,3193
-224.21,3215
-224.21,3236
-224.21,3258
-224.21,3280
-224.21,3301
-224.21,3323
-224.70,3345
-224.21,3367
-224.21,3388
-224.21,3410
-224.21,3432
-224.21,3454
-224.21,3475
-224.70,3497
-224.21,3519
-224.21,3540
-224.21,3562
-224.21,3584
-224.21,3606
-224.21,3627
-224.21,3649
-224.70,3671
-224.21,3692
-224.21,3714
-224.21,3736
-224.21,3758
-224.21,3779
-224.21,3801
-224.21,3823
-224.21,3844
-224.21,3866
-224.70,3888
-224.21,3910
-224.21,3931
-224.21,3953
-223.71,3975
-224.21,3997
-224.21,4018
-224.21,4040
-224.21,4062
-224.21,4083
-224.21,4105
-224.21,4127
-224.21,4149
-224.21,4170
-224.70,4192
-224.21,4214
-223.71,4235
-224.21,4257
-224.21,4279
-224.21,4301
-224.21,4322
-224.21,4344
-224.21,4366
-224.21,4387
-224.21,4409
-224.21,4431
-224.21,4453
-224.21,4474
-224.21,4496
-224.21,4518
-224.21,4540
-223.21,4561
-222.22,4583
-221.23,4605
-219.74,4626
-218.25,4648
-216.77,4670
-215.28,4692
-213.79,4713
-212.30,4735
-210.32,4757
-208.33,4778
-206.85,4800
-204.37,4822
-202.38,4844
-200.89,4865
-198.41,4887
-195.93,4909
-193.45,4930
-191.47,4952
-188.99,4974
-186.51,4996
-183.53,5017
-181.05,5039
-178.57,5061
-175.60,5082
-173.12,5104
-170.63,5126
-167.66,5148
-165.18,5169
-162.70,5191
-159.72,5213
-157.24,5235
-153.27,5256
-151.29,5278
-147.82,5300
-145.83,5321
-144.35,5343
-141.37,5365
-139.38,5387
-137.40,5408
-135.42,5430
-133.43,5452
-130.95,5473
-127.98,5495
-126.98,5517
-124.50,5539
-123.02,5560
-121.53,5582
-120.54,5604
-119.05,5625
-118.06,5647
-114.09,5669
-111.61,5691
-110.62,5712
-108.13,5734
0.01
-105.65,5756
-103.67,5778
-102.68,5799
-101.19,5821
-100.20,5843
-99.70,5864
-99.21,5886
-98.21,5908
-98.21,5930
-97.22,5951
-96.73,5973
-95.73,5995
-95.73,6016
-94.25,6038
-94.25,6060
-93.75,6082
-92.76,6103
-92.76,6125
-92.76,6147
-91.77,6168
-91.77,6190
-91.77,6212
-91.77,6234
-91.27,6255
-91.27,6277
-91.27,6299
-90.77,6321
-90.77,6342
-90.28,6364
-89.78,6386
-89.78,6407
-89.78,6429
-89.29,6451
-88.79,6473
-88.29,6494
-88.29,6516
-87.80,6538
-87.30,6559
-86.31,6581
-85.81,6603
-85.81,6625
-84.33,6646
-83.83,6668
-83.83,6690
-82.34,6711
-81.85,6733
-80.85,6755
-79.86,6777
-78.87,6798
-77.88,6820
-76.88,6842
-75.40,6864
-73.91,6885
-72.92,6907
-70.93,6929
-68.95,6950
-67.96,6972
-66.47,6994
-64.48,7016
-63.00,7037
-60.52,7059
-59.03,7081
-56.55,7102
-54.56,7124
-52.58,7146
-50.60,7168
-48.12,7189
-45.63,7211
-43.65,7233
-41.17,7254
-38.19,7276
-36.21,7298
-33.23,7320
-30.75,7341
-28.77,7363
-26.29,7385
-21.33,7407
1.49,7428
3.97,7450
6.94,7472
9.42,7493
12.40,7515
15.87,7537
19.35,7559
22.82,7580
25.79,7602
29.27,7624
32.74,7645
36.21,7667
39.68,7689
43.65,7711
47.62,7732
50.60,7754
54.56,7776
58.04,7797
62.00,7819
64.98,7841
69.44,7863
72.92,7884
76.39,7906
78.87,7928
82.34,7950
84.82,7971
87.80,7993
90.28,8015
93.25,8036
95.73,8058
98.21,8080
100.69,8102
103.17,8123
105.16,8145
107.64,8167
110.12,8188
111.61,8210
113.59,8232
115.58,8254
117.56,8275
119.05,8297
121.03,8319
122.52,8340
123.51,8362
125.50,8384
126.98,8406
127.98,8427
128.97,8449
130.95,8471
131.45,8493
131.94,8514
132.94,8536
133.93,8558
134.42,8579
134.42,8601
134.92,8623
134.92,8645
134.92,8666
134.92,8688
134.92,8710
134.42,8731
134.42,8753
133.93,8775
133.43,8797
132.94,8818
132.44,8840
131.94,8862
131.45,8883
130.95,8905
129.96,8927
128.97,8949
128.47,8970
127.48,8992
125.99,9014
125.50,9036
125.00,9057
123.51,9079
123.02,9101
122.02,9122
120.54,9144
119.54,9166
117.56,9188
117.56,9209
116.07,9231
114.58,9253
112.60,9274
111.61,9296
109.13,9318
108.63,9340
106.65,9361
105.16,9383
103.17,9405
101.69,9426
99.70,9448
97.72,9470
95.73,9492
94.25,9513
91.77,9535
89.78,9557
87.80,9579
85.32,9600
83.33,9622
81.35,9644
78.87,9665
76.88,9687
74.90,9709
73.41,9731
70.44,9752
68.45,9774
66.47,9796
63.00,9817
62.00,9839
59.52,9861
57.04,9883
56.05,9904
54.07,9926
52.08,9948
50.60,9969
49.11,9991
46.63,10013
46.13,10035
45.14,10056
44.15,10078
42.66,10100
41.67,10122
41.17,10143
40.18,10165
39.68,10187
39.19,10208
37.70,10230
37.70,10252
37.20,10274
37.20,10295
36.71,10317
36.71,10339
36.71,10360
36.21,10382
36.71,10404
36.71,10426
37.20,10447
37.20,10469
37.70,10491
38.19,10512
38.69,10534
38.69,10556
39.68,10578
40.18,10599
40.67,10621
41.17,10643
41.67,10665
42.16,10686
43.65,10708
44.64,10730
45.14,10751
46.13,10773
47.62,10795
48.61,10817
49.60,10838
51.09,10860
52.08,10882
53.08,10903
55.06,10925
56.05,10947
57.54,10969
58.53,10990
61.01,11012
62.50,11034
63.00,11055
64.48,11077
67.96,11099
69.44,11121
70.93,11142
72.92,11164
74.90,11186
76.88,11208
78.37,11229
80.36,11251
82.34,11273
83.83,11294
85.81,11316
88.29,11338
89.78,11360
91.77,11381
94.74,11403
96.73,11425
98.71,11446
101.19,11468
103.67,11490
106.15,11512
108.63,11533
110.62,11555
113.10,11577
115.08,11598
117.56,11620
119.54,11642
121.53,11664
124.01,11685
125.99,11707
127.98,11729
129.96,11751
132.44,11772
133.43,11794
134.92,11816
136.90,11837
137.90,11859
139.38,11881
140.87,11903
141.87,11924
143.35,11946
144.35,11968
145.83,11989
146.33,12011
147.32,12033
147.82,12055
148.81,12076
149.31,12098
150.30,12120
150.30,12141
150.79,12163
151.29,12185
151.79,12207
151.79,12228
152.28,12250
152.28,12272
152.28,12294
152.28,12315
151.79,12337
151.79,12359
151.79,12380
151.29,12402
150.79,12424
150.79,12446
150.79,12467
150.30,12489
150.30,12511
149.31,12532
148.81,12554
148.31,12576
147.32,12598
146.83,12619
146.33,12641
145.34,12663
144.84,12684
143.85,12706
142.86,12728
141.87,12750
140.38,12771
139.38,12793
138.39,12815
136.90,12837
135.91,12858
134.42,12880
132.94,12902
131.45,12923
129.96,12945
127.98,12967
126.49,12989
125.00,13010
123.02,13032
122.02,13054
120.04,13075
117.56,13097
116.57,13119
114.58,13141
112.60,13162
110.62,13184
108.63,13206
106.65,13227
105.16,13249
102.68,13271
100.69,13293
98.71,13314
96.73,13336
94.74,13358
92.76,13380
90.28,13401
87.80,13423
85.32,13445
83.83,13466
81.35,13488
79.37,13510
76.88,13532
74.90,13553
72.92,13575
70.93,13597
68.95,13618
66.96,13640
64.48,13662
62.50,13684
61.01,13705
58.04,13727
56.55,13749
55.06,13770
53.08,13792
51.59,13814
50.10,13836
48.61,13857
47.62,13879
46.13,13901
45.14,13923
44.64,13944
43.65,13966
43.15,13988
42.16,14009
41.67,14031
41.17,14053
40.67,14075
40.67,14096
40.67,14118
40.67,14140
40.67,14161
40.67,14183
41.17,14205
41.17,14227
41.67,14248
42.16,14270
42.66,14292
43.15,14313
43.65,14335
44.15,14357
45.14,14379
45.63,14400
46.63,14422
47.62,14444
48.61,14466
49.60,14487
50.60,14509
51.59,14531
53.08,14552
54.56,14574
56.05,14596
57.04,14618
58.04,14639
60.02,14661
61.51,14683
63.00,14704
63.99,14726
66.96,14748
68.45,14770
70.44,14791
72.42,14813
74.40,14835
76.39,14856
78.87,14878
80.36,14900
81.85,14922
84.33,14943
85.81,14965
88.79,14987
90.77,15009
93.25,15030
95.24,15052
98.21,15074
100.20,15095
102.68,15117
105.16,15139
107.64,15161
109.62,15182
112.10,15204
114.09,15226
116.57,15247
118.06,15269
121.03,15291
122.52,15313
125.00,15334
126.49,15356
128.97,15378
131.45,15399
132.94,15421
134.92,15443
136.90,15465
137.90,15486
139.38,15508
140.87,15530
142.36,15552
143.35,15573
144.35,15595
145.83,15617
146.83,15638
147.82,15660
148.81,15682
149.80,15704
150.30,15725
150.79,15747
151.29,15769
151.29,15790
152.28,15812
152.28,15834
152.78,15856
152.78,15877
153.27,15899
153.27,15921
152.78,15942
152.78,15964
153.27,15986
152.78,16008
152.78,16029
152.78,16051
152.78,16073
152.78,16095
151.79,16116
151.79,16138
151.29,16160
150.79,16181
150.30,16203
150.30,16225
149.80,16247
148.81,16268
148.31,16290
147.82,16312
147.32,16333
146.33,16355
145.83,16377
144.84,16399
144.35,16420
142.86,16442
142.36,16464
140.87,16485
139.38,16507
138.39,16529
137.40,16551
136.41,16572
134.92,16594
133.43,16616
131.94,16637
130.46,16659
127.98,16681
126.49,16703
125.00,16724
123.51,16746
122.02,16768
120.04,16790
118.06,16811
117.06,16833
115.08,16855
113.10,16876
111.61,16898
109.13,16920
107.14,16942
105.65,16963
103.67,16985
101.69,17007
99.21,17028
97.22,17050
95.24,17072
92.76,17094
90.77,17115
88.29,17137
85.81,17159
83.83,17181
81.85,17202
79.37,17224
77.38,17246
75.40,17267
72.92,17289
70.93,17311
68.95,17333
66.96,17354
63.49,17376
62.00,17398
60.52,17419
58.53,17441
56.55,17463
55.06,17485
53.08,17506
52.08,17528
50.10,17550
49.11,17571
48.12,17593
47.12,17615
46.13,17637
45.14,17658
45.14,17680
44.15,17702
43.65,17724
43.15,17745
42.66,17767
42.66,17789
42.66,17810
42.66,17832
42.66,17854
43.15,17876
43.15,17897
43.65,17919
43.65,17941
44.64,17962
45.14,17984
45.63,18006
46.13,18028
46.63,18049
47.12,18071
48.12,18093
49.11,18114
50.10,18136
50.60,18158
51.59,18180
52.58,18201
54.07,18223
55.06,18245
56.05,18267
57.04,18288
58.53,18310
59.52,18332
61.51,18353
62.50,18375
63.49,18397
66.47,18419
67.46,18440
69.94,18462
70.44,18484
72.92,18505
74.40,18527
76.39,18549
77.88,18571
79.86,18592
81.85,18614
83.83,18636
85.32,18657
87.30,18679
89.78,18701
91.27,18723
93.75,18744
95.73,18766
97.72,18788
100.20,18810
102.18,18831
104.66,18853
106.65,18875
109.13,18896
111.11,18918
113.59,18940
116.07,18962
117.56,18983
120.04,19005
122.52,19027
124.50,19048
125.99,19070
127.98,19092
130.46,19114
131.94,19135
133.93,19157
135.42,19179
136.90,19200
137.90,19222
139.38,19244
140.87,19266
142.36,19287
143.35,19309
144.35,19331
145.34,19352
146.33,19374
146.83,19396
147.82,19418
148.31,19439
148.81,19461
149.80,19483
150.30,19505
150.30,19526
150.30,19548
150.79,19570
150.79,19591
150.79,19613
150.79,19635
150.79,19657
150.30,19678
150.79,19700
150.30,19722
150.30,19743
150.30,19765
149.80,19787
149.80,19809
148.81,19830
148.81,19852
147.82,19874
147.32,19895
146.83,19917
146.83,19939
146.33,19961
145.34,19982
144.35,20004
143.85,20026
143.35,20048
142.36,20069
141.37,20091
140.38,20113
139.38,20134
138.39,20156
136.90,20178
135.91,20200
135.91,20221
133.93,20243
132.94,20265
131.94,20286
130.46,20308
128.97,20330
126.98,20352
126.49,20373
125.00,20395
124.01,20417
122.52,20438
121.03,20460
119.54,20482
117.56,20504
117.06,20525
115.08,20547
113.59,20569
112.10,20591
110.62,20612
108.63,20634
107.14,20656
105.16,20677
103.67,20699
102.18,20721
100.69,20743
98.71,20764
97.22,20786
95.73,20808
93.25,20829
91.77,20851
90.28,20873
88.29,20895
85.81,20916
84.33,20938
82.34,20960
80.85,20981
78.87,21003
76.88,21025
74.90,21047
72.92,21068
70.44,21090
69.44,21112
67.46,21134
64.98,21155
63.00,21177
62.50,21199
61.01,21220
59.03,21242
57.54,21264
56.55,21286
55.56,21307
54.56,21329
53.08,21351
52.08,21372
51.59,21394
50.60,21416
49.60,21438
49.60,21459
48.61,21481
47.62,21503
47.62,21524
47.12,21546
46.63,21568
46.63,21590
46.13,21611
46.13,21633
46.13,21655
46.13,21677
46.13,21698
46.63,21720
47.12,21742
46.63,21763
47.12,21785
47.62,21807
48.12,21829
48.61,21850
48.61,21872
49.60,21894
49.60,21915
50.60,21937
51.09,21959
51.59,21981
52.08,22002
53.08,22024
53.57,22046
54.07,22067
55.06,22089
55.56,22111
56.05,22133
56.55,22154
57.04,22176
57.54,22198
58.53,22220
60.02,22241
61.01,22263
62.00,22285
62.50,22306
63.00,22328
63.49,22350
65.48,22372
67.46,22393
68.45,22415
69.44,22437
70.44,22458
71.92,22480
73.41,22502
74.40,22524
75.89,22545
76.39,22567
78.37,22589
79.86,22610
80.85,22632
82.84,22654
83.83,22676
85.32,22697
86.81,22719
88.79,22741
90.28,22763
91.77,22784
93.75,22806
95.24,22828
96.73,22849
98.71,22871
100.69,22893
102.18,22915
104.17,22936
106.65,22958
108.63,22980
110.62,23001
112.60,23023
114.58,23045
117.06,23067
118.06,23088
120.54,23110
122.52,23132
124.50,23153
125.99,23175
127.98,23197
129.96,23219
131.45,23240
133.43,23262
134.42,23284
136.41,23306
137.90,23327
138.89,23349
140.38,23371
141.87,23392
142.86,23414
143.35,23436
144.35,23458
145.34,23479
145.83,23501
146.83,23523
147.32,23544
148.31,23566
148.81,23588
149.31,23610
149.80,23631
150.30,23653
150.30,23675
150.30,23696
150.30,23718
150.30,23740
150.30,23762
150.30,23783
149.80,23805
149.80,23827
149.80,23849
148.81,23870
148.81,23892
148.81,23914
147.82,23935
147.32,23957
146.83,23979
146.33,24001
145.83,24022
145.34,24044
144.35,24066
144.35,24087
143.35,24109
142.36,24131
141.87,24153
140.87,24174
139.88,24196
138.89,24218
137.40,24239
136.90,24261
136.41,24283
134.92,24305
134.42,24326
132.94,24348
131.94,24370
129.96,24392
128.97,24413
127.48,24435
126.49,24457
126.49,24478
125.00,24500
123.51,24522
122.52,24544
121.53,24565
120.04,24587
118.55,24609
117.56,24630
116.57,24652
115.08,24674
114.09,24696
112.60,24717
110.62,24739
109.13,24761
108.13,24782
107.14,24804
105.65,24826
103.67,24848
102.18,24869
100.69,24891
99.21,24913
97.72,24935
96.23,24956
94.74,24978
92.76,25000
91.77,25021
89.78,25043
87.80,25065
86.81,25087
84.82,25108
82.84,25130
81.85,25152
80.36,25173
78.37,25195
76.39,25217
75.40,25239
73.91,25260
72.92,25282
70.93,25304
69.94,25325
68.45,25347
66.96,25369
63.99,25391
63.00,25412
62.50,25434
61.51,25456
60.52,25478
59.03,25499
57.54,25521
57.04,25543
56.55,25564
56.05,25586
56.05,25608
55.56,25630
55.06,25651
54.56,25673
54.07,25695
54.56,25716
54.56,25738
54.07,25760
53.57,25782
53.57,25803
53.57,25825
53.57,25847
53.57,25868
53.57,25890
54.07,25912
54.07,25934
54.56,25955
54.56,25977
54.56,25999
54.56,26021
55.06,26042
55.06,26064
55.56,26086
55.06,26107
55.06,26129
55.56,26151
55.56,26173
55.06,26194
55.06,26216
55.06,26238
55.06,26259
55.06,26281
55.06,26303
55.06,26325
55.06,26346
55.06,26368
55.06,26390
55.06,26411
55.06,26433
55.56,26455
55.06,26477
55.56,26498
55.56,26520
55.06,26542
55.06,26564
55.06,26585
55.56,26607
55.06,26629
55.06,26650
55.06,26672
55.06,26694
54.56,26716
55.06,26737
55.06,26759
54.56,26781
55.06,26802
55.06,26824
55.06,26846
55.56,26868
55.56,26889
55.56,26911
55.56,26933
56.05,26954
56.05,26976
56.05,26998
56.55,27020
56.55,27041
57.54,27063
58.04,27085
58.53,27107
60.02,27128
60.52,27150
61.51,27172
62.00,27193
62.00,27215
62.50,27237
63.99,27259
66.47,27280
67.46,27302
68.95,27324
70.44,27345
71.43,27367
72.92,27389
73.91,27411
75.40,27432
76.88,27454
78.37,27476
80.36,27497
81.85,27519
83.33,27541
84.82,27563
86.81,27584
89.29,27606
90.77,27628
93.25,27650
94.74,27671
97.72,27693
99.21,27715
102.18,27736
104.66,27758
106.65,27780
109.62,27802
112.10,27823
114.58,27845
117.56,27867
120.04,27888
122.52,27910
125.50,27932
127.98,27954
130.95,27975
133.93,27997
135.91,28019
138.39,28040
140.87,28062
143.35,28084
145.34,28106
147.32,28127
149.80,28149
152.28,28171
153.77,28193
155.75,28214
157.74,28236
159.23,28258
161.21,28279
162.70,28301
164.19,28323
165.67,28345
166.17,28366
168.15,28388
170.14,28410
171.13,28431
171.63,28453
172.62,28475
173.61,28497
174.60,28518
175.10,28540
175.60,28562
176.09,28583
177.08,28605
177.58,28627
177.58,28649
178.08,28670
177.58,28692
178.08,28714
178.08,28736
178.08,28757
177.58,28779
177.08,28801
176.59,28822
176.09,28844
175.60,28866
175.60,28888
174.11,28909
173.61,28931
173.12,28953
172.62,28974
171.13,28996
170.14,29018
169.64,29040
167.66,29061
167.16,29083
165.67,29105
163.69,29126
162.70,29148
161.71,29170
159.72,29192
157.74,29213
156.75,29235
154.76,29257
152.78,29279
151.29,29300
149.80,29322
147.82,29344
145.34,29365
143.85,29387
141.37,29409
139.38,29431
136.90,29452
134.92,29474
131.94,29496
129.46,29517
126.49,29539
124.01,29561
121.03,29583
118.06,29604
116.07,29626
113.10,29648
110.62,29669
107.64,29691
105.16,29713
102.18,29735
99.70,29756
96.73,29778
94.25,29800
90.77,29822
88.29,29843
85.32,29865
82.84,29887
80.36,29908
77.88,29930
75.40,29952
73.41,29974
70.44,29995
67.96,30017
64.48,30039
62.50,30060
59.52,30082
57.54,30104
55.56,30126
53.08,30147
51.09,30169
49.60,30191
47.62,30212
46.13,30234
45.14,30256
43.65,30278
42.66,30299
41.17,30321
40.67,30343
39.68,30365
39.68,30386
38.69,30408
38.19,30430
37.70,30451
37.70,30473
37.70,30495
37.70,30517
38.19,30538
38.19,30560
38.69,30582
39.19,30603
39.19,30625
40.18,30647
41.17,30669
41.67,30690
42.16,30712
43.15,30734
44.64,30755
45.63,30777
46.63,30799
48.12,30821
49.11,30842
50.60,30864
52.08,30886
53.57,30908
55.56,30929
57.54,30951
59.03,30973
61.01,30994
62.50,31016
64.98,31038
67.96,31060
69.44,31081
72.42,31103
74.40,31125
77.38,31146
79.37,31168
81.85,31190
84.33,31212
86.81,31233
89.78,31255
91.77,31277
94.74,31298
97.22,31320
99.70,31342
102.68,31364
105.16,31385
107.14,31407
110.62,31429
112.60,31451
115.08,31472
117.56,31494
120.54,31516
123.02,31537
124.50,31559
127.48,31581
130.46,31603
131.94,31624
133.93,31646
136.41,31668
138.39,31689
139.88,31711
141.87,31733
143.35,31755
144.84,31776
146.33,31798
147.82,31820
148.31,31841
149.80,31863
150.30,31885
151.29,31907
152.28,31928
153.27,31950
153.77,31972
154.27,31994
154.76,32015
154.76,32037
155.75,32059
155.75,32080
155.26,32102
156.25,32124
155.75,32146
155.75,32167
156.25,32189
155.75,32211
155.75,32232
155.26,32254
154.76,32276
154.27,32298
154.27,32319
153.77,32341
153.27,32363
152.78,32384
152.28,32406
151.29,32428
151.29,32450
150.79,32471
150.30,32493
149.31,32515
148.81,32537
147.82,32558
146.83,32580
146.33,32602
145.34,32623
144.35,32645
143.85,32667
142.36,32689
141.37,32710
139.88,32732
138.39,32754
136.90,32775
135.91,32797
133.93,32819
132.94,32841
130.95,32862
128.97,32884
127.48,32906
125.00,32927
123.51,32949
122.52,32971
120.04,32993
117.56,33014
116.57,33036
114.58,33058
112.10,33080
110.12,33101
108.13,33123
106.65,33145
104.17,33166
102.18,33188
99.70,33210
97.72,33232
95.73,33253
93.25,33275
90.77,33297
88.79,33318
86.31,33340
84.33,33362
81.85,33384
79.86,33405
78.37,33427
75.89,33449
73.41,33470
71.43,33492
68.95,33514
67.46,33536
63.99,33557
62.50,33579
61.51,33601
58.53,33623
57.04,33644
56.55,33666
54.56,33688
52.58,33709
51.59,33731
50.60,33753
49.11,33775
48.61,33796
48.12,33818
46.63,33840
46.63,33861
46.13,33883
45.14,33905
45.14,33927
44.64,33948
44.64,33970
44.64,33992
44.64,34013
44.64,34035
44.64,34057
45.14,34079
45.63,34100
46.13,34122
