Starting IMU Calibration
Finished Calibration
100.20,332
100.20,353
100.20,375
100.20,397
100.20,418
101.69,440
100.69,462
101.69,484
102.18,505
102.68,527
102.68,549
103.17,571
102.68,592
101.69,614
100.69,636
98.21,657
94.74,679
91.27,701
86.81,723
81.85,744
75.89,766
68.45,788
60.52,809
51.59,831
43.65,853
34.23,875
25.79,896
16.37,918
6.94,940
-0.99,961
-31.75,983
-41.67,1005
-50.10,1027
-59.03,1048
-67.46,1070
-76.88,1092
-84.33,1113
-92.76,1135
-99.70,1157
-107.64,1179
-114.58,1200
-121.03,1222
-125.00,1244
-130.95,1266
-134.92,1287
-137.90,1309
-140.38,1331
-143.35,1352
-145.34,1374
-146.33,1396
-147.32,1418
-148.31,1439
-148.81,1461
-148.81,1483
-149.31,1504
-148.31,1526
-148.31,1548
-147.82,1570
-147.82,1591
-146.83,1613
-146.83,1635
-146.33,1656
-145.34,1678
-144.84,1700
-143.85,1722
-142.86,1743
-141.37,1765
-139.88,1787
-138.89,1809
-137.40,1830
-135.91,1852
-133.93,1874
-132.94,1895
-130.46,1917
-127.98,1939
-126.49,1961
-124.01,1982
-122.52,2004
-121.03,2026
-121.03,2047
-119.54,2069
-118.06,2091
-114.09,2113
-112.10,2134
-111.11,2156
-109.62,2178
-107.64,2199
-105.65,2221
-104.17,2243
-103.17,2265
-102.68,2286
-102.18,2308
-102.18,2330
-101.69,2352
-101.69,2373
-102.18,2395
-102.18,2417
-102.68,2438
-103.17,2460
-104.66,2482
-106.15,2504
-108.13,2525
-109.13,2547
-111.11,2569
-112.10,2590
-113.10,2612
-114.09,2634
-115.08,2656
-118.55,2677
-119.05,2699
-119.54,2721
-120.04,2742
-120.04,2764
-120.04,2786
-120.04,2808
-119.54,2829
-119.05,2851
-119.05,2873
-118.55,2895
-118.06,2916
-114.58,2938
-113.59,2960
-112.60,2981
-111.61,3003
-111.11,3025
-109.62,3047
-108.63,3068
-107.64,3090
-105.65,3112
-104.66,3133
-104.66,3155
-103.17,3177
-103.67,3199
-104.17,3220
-104.17,3242
-105.16,3264
-105.65,3285
-107.14,3307
-108.63,3329
-109.62,3351
-110.62,3372
-111.61,3394
-112.60,3416
-113.59,3438
-114.09,3459
-115.08,3481
-118.06,3503
-118.06,3524
-119.05,3546
-119.54,3568
-119.54,3590
-119.54,3611
-119.54,3633
-119.54,3655
-119.05,3676
-119.05,3698
-118.55,3720
-118.06,3742
-118.06,3763
-117.56,3785
-114.58,3807
-114.58,3828
-113.59,3850
-112.60,3872
-112.10,3894
-111.61,3915
-111.11,3937
-110.12,3959
-110.62,3981
-110.12,4002
-110.62,4024
-110.62,4046
-110.62,4067
-110.62,4089
-110.62,4111
-111.61,4133
-111.61,4154
-111.11,4176
-111.61,4198
-111.61,4219
-112.10,4241
-112.60,4263
-112.60,4285
-113.10,4306
-113.10,4328
-114.09,4350
-113.59,4371
-114.09,4393
-115.08,4415
-114.58,4437
-115.08,4458
-117.06,4480
-118.06,4502
-118.06,4523
-118.55,4545
-118.55,4567
-118.55,4589
-118.55,4610
-118.55,4632
-118.55,4654
-118.55,4676
-118.55,4697
-118.06,4719
-118.55,4741
-118.55,4762
-118.06,4784
-118.06,4806
-118.06,4828
-118.06,4849
-118.06,4871
-117.56,4893
-117.56,4914
-117.06,4936
-114.58,4958
-114.58,4980
-114.09,5001
-114.09,5023
-114.09,5045
-114.09,5066
-113.59,5088
-113.59,5110
-114.09,5132
-113.59,5153
-114.09,5175
-114.09,5197
-113.59,5219
-114.09,5240
-114.09,5262
-114.09,5284
-113.59,5305
-114.09,5327
-114.09,5349
-114.09,5371
-114.09,5392
-114.09,5414
-114.09,5436
-114.09,5457
-114.09,5479
-114.09,5501
-114.09,5523
-114.09,5544
-114.09,5566
-114.09,5588
-114.09,5609
-114.58,5631
-114.09,5653
-114.09,5675
-114.58,5696
-114.09,5718
-0.01
-114.09,5740
-114.09,5762
-114.58,5783
-114.09,5805
-114.58,5827
-114.58,5848
-117.06,5870
-117.56,5892
-118.06,5914
-117.06,5935
-114.09,5957
-113.10,5979
-111.61,6000
-110.12,6022
-107.14,6044
-103.67,6066
-101.19,6087
-98.21,6109
-94.74,6131
-91.27,6152
-86.81,6174
-82.34,6196
-78.37,6218
-73.91,6239
-68.45,6261
-63.49,6283
-58.04,6305
-53.08,6326
-47.62,6348
-42.16,6370
-36.21,6391
-30.26,6413
-25.30,6435
1.98,6457
6.94,6478
11.90,6500
16.37,6522
21.33,6543
26.29,6565
31.25,6587
35.71,6609
40.18,6630
44.64,6652
48.12,6674
51.59,6695
54.56,6717
56.55,6739
59.03,6761
61.01,6782
62.00,6804
63.00,6826
62.50,6848
63.49,6869
63.00,6891
63.49,6913
62.00,6934
61.51,6956
60.52,6978
58.53,7000
57.04,7021
55.56,7043
54.07,7065
52.08,7086
50.10,7108
48.12,7130
46.63,7152
44.64,7173
42.66,7195
41.17,7217
39.19,7238
37.70,7260
36.71,7282
35.22,7304
33.73,7325
32.24,7347
32.24,7369
30.75,7391
30.26,7412
29.76,7434
29.76,7456
29.27,7477
29.27,7499
29.76,7521
29.76,7543
30.75,7564
30.75,7586
32.24,7608
32.24,7629
33.73,7651
34.72,7673
35.71,7695
37.70,7716
38.69,7738
40.18,7760
41.67,7781
43.65,7803
45.14,7825
47.12,7847
49.11,7868
51.09,7890
52.58,7912
55.56,7934
57.04,7955
59.03,7977
61.01,7999
63.00,8020
63.49,8042
66.47,8064
67.96,8086
69.44,8107
70.93,8129
72.42,8151
72.92,8172
74.90,8194
75.40,8216
76.39,8238
77.38,8259
77.88,8281
78.87,8303
79.37,8324
79.86,8346
80.85,8368
80.85,8390
81.35,8411
81.35,8433
81.85,8455
81.85,8477
81.85,8498
82.34,8520
81.85,8542
81.85,8563
81.85,8585
81.85,8607
81.35,8629
80.85,8650
80.85,8672
80.36,8694
80.36,8715
79.86,8737
79.37,8759
78.37,8781
78.87,8802
77.38,8824
77.88,8846
77.88,8867
77.38,8889
76.88,8911
76.39,8933
76.39,8954
75.89,8976
75.40,8998
74.90,9019
74.90,9041
74.40,9063
74.90,9085
74.90,9106
74.40,9128
73.91,9150
73.91,9172
73.91,9193
73.91,9215
74.40,9237
73.91,9258
74.40,9280
74.40,9302
74.40,9324
74.90,9345
74.90,9367
74.90,9389
74.90,9410
74.90,9432
74.90,9454
75.40,9476
74.40,9497
75.40,9519
74.90,9541
75.40,9562
75.40,9584
75.40,9606
75.40,9628
75.40,9649
75.40,9671
75.40,9693
75.40,9715
75.40,9736
75.40,9758
75.40,9780
75.89,9801
75.89,9823
75.89,9845
75.89,9867
75.89,9888
75.89,9910
75.89,9932
75.89,9953
75.89,9975
75.89,9997
75.89,10019
76.39,10040
75.89,10062
75.89,10084
75.40,10105
75.89,10127
75.89,10149
75.40,10171
75.89,10192
76.39,10214
76.39,10236
76.39,10258
76.39,10279
76.88,10301
76.88,10323
77.38,10344
77.38,10366
77.88,10388
77.88,10410
77.88,10431
78.87,10453
78.87,10475
79.37,10496
79.86,10518
79.86,10540
80.36,10562
81.35,10583
81.85,10605
81.35,10627
82.34,10648
82.84,10670
83.33,10692
83.83,10714
84.82,10735
85.81,10757
86.31,10779
86.81,10801
87.80,10822
88.29,10844
89.29,10866
89.78,10887
90.77,10909
91.27,10931
92.26,10953
93.75,10974
94.74,10996
95.24,11018
96.23,11039
98.21,11061
99.21,11083
100.20,11105
101.19,11126
102.68,11148
103.67,11170
105.16,11191
105.16,11213
106.65,11235
107.14,11257
108.13,11278
109.13,11300
110.12,11322
110.62,11344
110.62,11365
111.61,11387
111.61,11409
112.60,11430
112.60,11452
112.60,11474
113.10,11496
113.10,11517
113.59,11539
113.59,11561
113.10,11582
112.60,11604
112.60,11626
112.60,11648
112.60,11669
112.60,11691
111.61,11713
111.61,11734
111.61,11756
110.62,11778
111.11,11800
110.12,11821
109.62,11843
109.13,11865
109.13,11887
108.63,11908
108.13,11930
107.14,11952
106.65,11973
106.65,11995
105.65,12017
105.16,12039
104.17,12060
103.67,12082
103.17,12104
102.68,12125
101.19,12147
100.69,12169
99.70,12191
99.21,12212
98.71,12234
97.72,12256
96.73,12277
95.73,12299
95.73,12321
95.24,12343
94.74,12364
94.74,12386
94.25,12408
93.75,12430
93.25,12451
93.25,12473
93.25,12495
92.76,12516
92.26,12538
92.76,12560
92.76,12582
92.76,12603
93.25,12625
93.25,12647
92.76,12668
93.25,12690
93.75,12712
93.75,12734
94.25,12755
94.25,12777
94.25,12799
94.74,12820
94.25,12842
94.25,12864
94.25,12886
94.25,12907
94.25,12929
94.25,12951
93.75,12973
93.75,12994
93.75,13016
93.75,13038
93.75,13059
93.75,13081
93.75,13103
93.75,13125
93.75,13146
93.75,13168
93.75,13190
93.75,13211
93.75,13233
94.25,13255
93.75,13277
93.75,13298
94.25,13320
93.75,13342
93.75,13363
93.75,13385
94.25,13407
93.75,13429
93.75,13450
93.75,13472
94.25,13494
94.25,13516
93.75,13537
93.75,13559
93.75,13581
93.75,13602
93.75,13624
93.75,13646
94.25,13668
93.75,13689
94.25,13711
94.25,13733
94.25,13754
94.25,13776
93.75,13798
93.75,13820
93.75,13841
93.75,13863
94.74,13885
93.75,13906
94.25,13928
