Starting IMU Calibration
Finished Calibration
60.52,364
60.52,385
60.02,407
60.52,429
60.02,450
61.01,472
61.01,494
61.51,516
61.51,537
61.01,559
61.01,581
59.52,603
59.03,624
57.54,646
57.04,668
55.56,689
54.56,711
52.58,733
51.09,755
49.60,776
47.62,798
45.63,820
43.65,841
41.17,863
38.69,885
35.71,907
32.74,928
30.26,950
27.28,972
25.30,993
21.83,1015
19.35,1037
16.87,1059
14.38,1080
11.90,1102
9.42,1124
6.45,1146
4.46,1167
1.98,1189
0.00,1211
-20.34,1232
-26.79,1254
-29.27,1276
-31.25,1298
-34.23,1319
-37.70,1341
-40.18,1363
-42.16,1384
-44.64,1406
-46.63,1428
-48.61,1450
-50.60,1471
-52.08,1493
-54.07,1515
-55.56,1536
-57.04,1558
-58.53,1580
-60.02,1602
-61.01,1623
-62.50,1645
-63.49,1667
-64.98,1689
-65.48,1710
-65.97,1732
-66.96,1754
-67.96,1775
-68.45,1797
-69.44,1819
-68.95,1841
-69.94,1862
-70.44,1884
-70.93,1906
-71.43,1927
-71.43,1949
-71.92,1971
-71.92,1993
-71.92,2014
-72.42,2036
-72.42,2058
-72.92,2079
-72.92,2101
-73.41,2123
-73.41,2145
-73.41,2166
-73.91,2188
-74.40,2210
-74.40,2231
-74.40,2253
-74.90,2275
-74.90,2297
-75.40,2318
-75.89,2340
-75.89,2362
-75.89,2384
-75.89,2405
-76.39,2427
-76.39,2449
-76.39,2470
-76.39,2492
-76.88,2514
-76.88,2536
-77.38,2557
-77.38,2579
-77.38,2601
-77.88,2622
-78.37,2644
-78.37,2666
-78.37,2688
-78.87,2709
-79.37,2731
-79.37,2753
-79.37,2774
-79.37,2796
-79.37,2818
-79.37,2840
-79.86,2861
-79.37,2883
-79.86,2905
-80.36,2927
-79.86,2948
-80.36,2970
-80.36,2992
-80.85,3013
-80.85,3035
-80.85,3057
-80.85,3079
-81.35,3100
-81.35,3122
-81.35,3144
-81.85,3165
-81.85,3187
-81.85,3209
-81.35,3231
-82.34,3252
-82.34,3274
-82.34,3296
-82.34,3317
-82.34,3339
-82.34,3361
-82.34,3383
-82.34,3404
-82.34,3426
-82.34,3448
-82.34,3470
-82.84,3491
-82.34,3513
-82.34,3535
-82.34,3556
-82.84,3578
-82.34,3600
-82.84,3622
-83.33,3643
-82.34,3665
-82.34,3687
-82.34,3708
-82.34,3730
-82.34,3752
-82.84,3774
-82.84,3795
-82.84,3817
-82.84,3839
-83.33,3860
-83.33,3882
-83.33,3904
-83.33,3926
-83.33,3947
-83.33,3969
-83.33,3991
-83.83,4012
-83.83,4034
-83.83,4056
-84.33,4078
-83.83,4099
-84.33,4121
-84.33,4143
-84.33,4165
-84.82,4186
-85.32,4208
-84.82,4230
-84.82,4251
-85.32,4273
-85.32,4295
-85.32,4317
-85.81,4338
-85.81,4360
-86.31,4382
-86.31,4403
-86.31,4425
-86.81,4447
-87.30,4469
-87.30,4490
-87.80,4512
-87.80,4534
-87.80,4555
-87.80,4577
-88.29,4599
-88.79,4621
-88.79,4642
-88.79,4664
-89.29,4686
-89.29,4708
-89.78,4729
-89.29,4751
-90.28,4773
-90.28,4794
-90.28,4816
-90.77,4838
-90.77,4860
-90.77,4881
-91.27,4903
-90.77,4925
-91.27,4946
-91.27,4968
-90.77,4990
-91.27,5012
-90.77,5033
-90.77,5055
-90.77,5077
-90.77,5098
-90.77,5120
-91.27,5142
-90.77,5164
-90.77,5185
-90.77,5207
-91.27,5229
-90.77,5250
-90.77,5272
-91.27,5294
-90.77,5316
-90.77,5337
-91.27,5359
-90.77,5381
-90.77,5403
-91.27,5424
-90.77,5446
-91.27,5468
-90.77,5489
-91.27,5511
-90.77,5533
-90.77,5555
-91.27,5576
-90.77,5598
-90.77,5620
-90.77,5641
-90.77,5663
-90.77,5685
-90.77,5707
-90.77,5728
-90.77,5750
-0.00
-91.27,5772
-90.77,5793
-90.77,5815
-90.77,5837
-91.27,5859
-91.27,5880
-91.27,5902
-91.77,5924
-91.27,5946
-90.77,5967
-89.78,5989
-88.29,6011
-87.80,6032
-86.81,6054
-85.32,6076
-84.33,6098
-82.34,6119
-80.85,6141
-78.87,6163
-76.88,6184
-74.40,6206
-72.42,6228
-69.94,6250
-67.46,6271
-64.48,6293
-62.00,6315
-59.52,6336
-56.55,6358
-53.57,6380
-50.10,6402
-47.62,6423
-44.64,6445
-41.67,6467
-38.69,6489
-36.21,6510
-33.23,6532
-31.25,6554
-28.77,6575
-26.79,6597
-24.80,6619
-17.86,6641
1.98,6662
3.97,6684
5.95,6706
7.94,6727
10.42,6749
12.40,6771
14.88,6793
16.37,6814
17.86,6836
19.84,6858
20.83,6879
22.32,6901
23.81,6923
24.80,6945
26.29,6966
27.78,6988
28.77,7010
29.27,7032
30.75,7053
31.25,7075
32.24,7097
33.23,7118
34.23,7140
34.23,7162
34.72,7184
35.22,7205
35.71,7227
35.71,7249
36.71,7270
36.71,7292
37.20,7314
37.70,7336
37.20,7357
37.20,7379
37.70,7401
37.70,7422
37.70,7444
37.70,7466
37.20,7488
37.20,7509
37.20,7531
37.20,7553
37.20,7575
37.20,7596
37.20,7618
37.70,7640
37.20,7661
37.20,7683
37.20,7705
37.70,7727
37.70,7748
37.70,7770
37.70,7792
37.70,7813
37.70,7835
37.70,7857
37.20,7879
37.70,7900
37.70,7922
37.70,7944
37.20,7965
37.20,7987
37.70,8009
38.19,8031
37.70,8052
38.19,8074
38.19,8096
38.69,8118
38.69,8139
38.69,8161
39.19,8183
39.19,8204
39.68,8226
40.18,8248
40.18,8270
40.67,8291
41.17,8313
41.67,8335
41.67,8356
42.16,8378
42.66,8400
43.15,8422
43.15,8443
43.65,8465
44.64,8487
45.14,8508
45.63,8530
46.63,8552
46.63,8574
47.62,8595
48.61,8617
48.61,8639
49.60,8661
50.10,8682
51.09,8704
51.59,8726
52.58,8747
53.08,8769
54.07,8791
54.56,8813
55.06,8834
55.56,8856
56.05,8878
56.55,8899
57.54,8921
58.04,8943
58.53,8965
60.52,8986
61.01,9008
62.00,9030
62.00,9051
62.50,9073
63.00,9095
63.99,9117
64.98,9138
66.96,9160
67.96,9182
68.95,9204
69.94,9225
70.93,9247
71.43,9269
72.92,9290
73.91,9312
74.90,9334
75.40,9356
76.39,9377
77.38,9399
78.87,9421
79.37,9442
80.36,9464
80.85,9486
82.34,9508
82.84,9529
83.83,9551
84.82,9573
85.32,9594
86.81,9616
87.30,9638
88.29,9660
89.29,9681
90.28,9703
90.77,9725
91.77,9747
92.76,9768
93.25,9790
93.75,9812
94.74,9833
95.24,9855
96.23,9877
97.22,9899
98.21,9920
98.71,9942
99.21,9964
99.70,9985
100.20,10007
101.19,10029
101.69,10051
102.18,10072
102.18,10094
103.17,10116
103.67,10137
104.17,10159
104.66,10181
105.16,10203
105.65,10224
105.65,10246
106.15,10268
106.15,10290
106.15,10311
106.65,10333
106.65,10355
106.65,10376
106.65,10398
107.14,10420
107.14,10442
107.14,10463
107.14,10485
107.14,10507
107.14,10528
106.65,10550
107.14,10572
107.14,10594
106.65,10615
106.65,10637
106.65,10659
106.65,10680
106.65,10702
106.65,10724
106.65,10746
106.15,10767
106.65,10789
106.65,10811
106.65,10833
106.15,10854
106.15,10876
106.15,10898
106.15,10919
106.65,10941
106.15,10963
106.65,10985
106.15,11006
106.65,11028
106.15,11050
106.15,11071
106.15,11093
106.15,11115
106.15,11137
106.65,11158
106.15,11180
106.65,11202
106.15,11223
106.15,11245
106.15,11267
106.15,11289
106.15,11310
106.65,11332
106.65,11354
106.15,11376
106.15,11397
106.65,11419
106.15,11441
106.65,11462
106.15,11484
106.15,11506
106.15,11528
106.65,11549
106.15,11571
106.65,11593
106.15,11614
106.15,11636
106.65,11658
106.65,11680
106.65,11701
106.15,11723
105.65,11745
106.65,11766
106.15,11788
106.15,11810
106.15,11832
106.15,11853
106.15,11875
106.15,11897
106.15,11919
106.65,11940
106.15,11962
106.15,11984
106.15,12005
106.15,12027
106.65,12049
106.65,12071
106.65,12092
106.15,12114
106.15,12136
106.15,12157
106.15,12179
106.65,12201
106.65,12223
106.65,12244
106.15,12266
106.15,12288
106.15,12309
106.15,12331
106.65,12353
106.15,12375
106.65,12396
106.65,12418
106.15,12440
106.15,12462
106.15,12483
106.15,12505
106.15,12527
106.15,12548
106.65,12570
106.15,12592
106.15,12614
106.15,12635
106.15,12657
106.15,12679
106.15,12700
106.15,12722
106.65,12744
106.15,12766
106.15,12787
106.15,12809
106.15,12831
106.15,12852
106.15,12874
106.15,12896
106.65,12918
106.15,12939
106.15,12961
106.65,12983
106.65,13005
106.15,13026
106.65,13048
106.15,13070
106.65,13091
106.15,13113
106.15,13135
106.15,13157
106.65,13178
106.15,13200
106.15,13222
106.65,13243
106.65,13265
106.15,13287
106.65,13309
106.15,13330
106.15,13352
106.15,13374
106.15,13395
106.65,13417
106.15,13439
105.65,13461
106.15,13482
106.65,13504
106.15,13526
106.15,13548
106.65,13569
106.15,13591
106.15,13613
106.65,13634
106.15,13656
106.65,13678
106.65,13700
106.15,13721
106.65,13743
106.15,13765
106.15,13786
106.15,13808
106.15,13830
106.65,13852
106.15,13873
106.15,13895
107.14,13917
106.15,13938
106.15,13960
106.15,13982
106.15,14004
106.15,14025
106.15,14047
106.15,14069
106.15,14091
106.15,14112
105.65,14134
106.15,14156
105.65,14177
106.15,14199
105.65,14221
106.65,14243
105.65,14264
106.15,14286
106.65,14308
105.65,14329
106.15,14351
105.65,14373
105.65,14395
106.15,14416
105.65,14438
105.65,14460
105.65,14481
105.65,14503
105.65,14525
105.65,14547
105.65,14568
105.16,14590
105.16,14612
105.65,14634
105.65,14655
105.16,14677
105.16,14699
105.65,14720
105.16,14742
105.16,14764
105.16,14786
105.16,14807
104.66,14829
104.66,14851
105.16,14872
104.66,14894
104.66,14916
104.66,14938
104.17,14959
104.66,14981
104.66,15003
104.66,15024
104.17,15046
104.17,15068
104.17,15090
104.17,15111
104.17,15133
104.17,15155
104.66,15177
103.67,15198
103.67,15220
104.17,15242
103.67,15263
104.17,15285
103.67,15307
103.17,15329
103.67,15350
103.67,15372
103.67,15394
103.67,15415
103.67,15437
103.67,15459
103.67,15481
104.17,15502
103.17,15524
103.67,15546
103.67,15567
103.67,15589
103.17,15611
103.67,15633
103.67,15654
103.67,15676
103.17,15698
103.67,15720
103.67,15741
103.67,15763
104.17,15785
103.67,15806
103.67,15828
103.67,15850
103.67,15872
103.17,15893
103.67,15915
103.17,15937
104.66,15958
103.67,15980
103.67,16002
103.67,16024
103.67,16045
103.67,16067
103.67,16089
103.67,16110
103.17,16132
103.17,16154
102.68,16176
102.68,16197
102.68,16219
102.18,16241
102.18,16263
102.18,16284
101.19,16306
101.19,16328
101.69,16349
101.19,16371
100.69,16393
100.69,16415
100.69,16436
100.20,16458
100.20,16480
99.70,16501
99.70,16523
98.21,16545
98.71,16567
98.21,16588
97.72,16610
97.22,16632
97.22,16653
96.73,16675
96.23,16697
95.24,16719
94.74,16740
94.25,16762
94.74,16784
93.75,16806
93.75,16827
93.25,16849
92.76,16871
92.26,16892
91.77,16914
91.27,16936
90.77,16958
90.28,16979
89.78,17001
90.28,17023
89.29,17044
89.29,17066
88.79,17088
88.29,17110
87.80,17131
87.30,17153
86.81,17175
86.81,17196
86.31,17218
85.81,17240
85.32,17262
84.82,17283
85.32,17305
84.33,17327
84.33,17349
83.83,17370
83.83,17392
83.33,17414
82.84,17435
83.33,17457
83.33,17479
82.84,17501
82.34,17522
82.84,17544
82.84,17566
82.84,17587
82.84,17609
82.84,17631
82.34,17653
82.34,17674
82.84,17696
82.84,17718
82.84,17739
82.34,17761
82.84,17783
82.84,17805
82.84,17826
82.84,17848
82.84,17870
82.84,17892
82.84,17913
82.84,17935
82.84,17957
82.84,17978
82.84,18000
82.84,18022
82.84,18044
82.84,18065
82.84,18087
82.84,18109
82.84,18130
82.84,18152
82.84,18174
82.34,18196
82.84,18217
82.84,18239
82.84,18261
82.84,18282
82.84,18304
82.84,18326
82.84,18348
82.84,18369
82.84,18391
82.84,18413
82.84,18435
82.84,18456
82.84,18478
82.84,18500
82.84,18521
82.84,18543
82.84,18565
82.84,18587
82.84,18608
82.84,18630
83.33,18652
82.84,18673
82.84,18695
82.84,18717
82.84,18739
82.84,18760
82.84,18782
82.84,18804
82.84,18825
82.84,18847
82.84,18869
82.84,18891
82.34,18912
82.84,18934
82.84,18956
82.84,18978
82.84,18999
82.84,19021
82.84,19043
82.84,19064
82.84,19086
82.84,19108
82.84,19130
82.84,19151
82.84,19173
82.84,19195
82.84,19216
82.84,19238
82.84,19260
82.84,19282
82.84,19303
82.84,19325
82.84,19347
82.84,19368
82.84,19390
82.84,19412
82.84,19434
82.84,19455
82.84,19477
83.33,19499
82.84,19521
